Object mesh.obj
{
    Object meshChild1.obj
    {
        vertexes (0.123 0.234 0.345 1.0) (0.15 0.35 0.24 1.0) (0.24 0.78 0.67) (0.3 0.2 0.5 1.0) (0.5 0.7 0.8) (0.1 0.2 0.9 1.0)
        colors (0.7 0.0 0.7) (0.2 0.2 0.76) (0.12 0.78 0.34) (0.2 0.3 0.6) (0.2 0.2 0.2) (0.5 0.5 0.5)
        faces 1 2 3; 2 3 4; 3 4 5; 4 5 6
        Object meshSubChild.obj
        {
            vertexes (0.123 0.234 0.345 1.0) (0.15 0.35 0.24 1.0) (0.24 0.78 0.67) (0.3 0.2 0.5 1.0) (0.5 0.7 0.8) (0.1 0.2 0.9 1.0)
            colors (0.7 0.0 0.7) (0.2 0.2 0.76) (0.12 0.78 0.34) (0.2 0.3 0.6) (0.2 0.2 0.2) (0.5 0.5 0.5)
            faces 1 2 3; 2 3 4; 3 4 5; 4 5 6
        }
    }
    Object meshChild2.obj
    {
        vertexes (0.123 0.234 0.345 1.0) (0.15 0.35 0.24 1.0) (0.24 0.78 0.67) (0.3 0.2 0.5 1.0) (0.5 0.7 0.8) (0.1 0.2 0.9 1.0)
        colors (0.7 0.0 0.7) (0.2 0.2 0.76) (0.12 0.78 0.34) (0.2 0.3 0.6) (0.2 0.2 0.2) (0.5 0.5 0.5)
        faces 1 2 3; 2 3 4; 3 4 5; 4 5 6
        Object meshSubChild1.obj
        {
            vertexes (0.123 0.234 0.345 1.0) (0.15 0.35 0.24 1.0) (0.24 0.78 0.67) (0.3 0.2 0.5 1.0) (0.5 0.7 0.8) (0.1 0.2 0.9 1.0)
            colors (0.7 0.0 0.7) (0.2 0.2 0.76) (0.12 0.78 0.34) (0.2 0.3 0.6) (0.2 0.2 0.2) (0.5 0.5 0.5)
            faces 1 2 3; 2 3 4; 3 4 5; 4 5 6
        }
        Object meshSubChild2.obj
        {
            vertexes (0.123 0.234 0.345 1.0) (0.15 0.35 0.24 1.0) (0.24 0.78 0.67) (0.3 0.2 0.5 1.0) (0.5 0.7 0.8) (0.1 0.2 0.9 1.0)
            colors (0.7 0.0 0.7) (0.2 0.2 0.76) (0.12 0.78 0.34) (0.2 0.3 0.6) (0.2 0.2 0.2) (0.5 0.5 0.5)
            faces 1 2 3; 2 3 4; 3 4 5; 4 5 6
        }
    }
    vertexes (0.123 0.234 0.345 1.0) (0.15 0.35 0.24 1.0) (0.24 0.78 0.67) (0.3 0.2 0.5 1.0) (0.5 0.7 0.8) (0.1 0.2 0.9 1.0)
    colors (0.7 0.0 0.7) (0.2 0.2 0.76) (0.12 0.78 0.34) (0.2 0.3 0.6) (0.2 0.2 0.2) (0.5 0.5 0.5)
    faces 1 2 3; 2 3 4; 3 4 5; 4 5 6
}

Object simpleCube.obj
{
    vertexes (0.123 0.234 0.345 1.0) (0.15 0.35 0.24 1.0) (0.24 0.78 0.67) (0.3 0.2 0.5 1.0) (0.5 0.7 0.8) (0.1 0.2 0.9 1.0)
    colors (0.7 0.0 0.7) (0.2 0.2 0.76) (0.12 0.78 0.34) (0.2 0.3 0.6) (0.2 0.2 0.2) (0.5 0.5 0.5)
    faces 1 2 3; 2 3 4; 3 4 5; 4 5 6
}

Object simpleObject.obj
{
    vertexes (0.123 0.234 0.345 1.0) (0.15 0.35 0.24 1.0) (0.123 0.234 0.345 1.0) (0.15 0.35 0.24 1.0) (0.123 0.234 0.345 1.0) (0.15 0.35 0.24 1.0) (0.24 0.78 0.67) (0.3 0.2 0.5 1.0) (0.5 0.7 0.8) (0.1 0.2 0.9 1.0)
    colors (0.7 0.0 0.7) (0.2 0.2 0.76) (0.7 0.0 0.7) (0.2 0.2 0.76) (0.7 0.0 0.7) (0.2 0.2 0.76) (0.12 0.78 0.34) (0.2 0.3 0.6) (0.2 0.2 0.2) (0.5 0.5 0.5)
    faces 1 2 3; 2 3 4; 3 4 5; 4 5 6; 3 4 5; 4 5 6
}